13083
35265
70209
92549
99847
1589
54309
68893
79991
6935
7115
78649
71903
14397
77523
49655
41717
75123
28577
65425
30159
97905
19735
77897
26663
1799
32555
12421
32893
13735
28601
28125
72871
49929
47995
13629
30001
98777
59201
32115
25441
60993
34051
66599
71621
85349
13475
25409
91243
83543
12109
97165
21317
22633
80511
433
55385
31749
96561
16603
98101
21315
85423
40667
37833
65941
88567
89033
66115
43309
89459
32095
80339
9543
27009
88265
28933
66759
17601
69833
29079
59293
91323
48643
88719
32679
12665
60977
40217
7919
1391
23183
82185
52019
41213
32537
1655
47831
8411
80503
63549
89727
79407
62409
24359
87319
88383
7929
20513
25937
58533
58467
57721
90933
60115
5553
99337
86049
7013
49599
88789
80761
30223
5121
55515
30859
82737
67461
50673
98717
93391
9207
69965
52385
53635
59391
8117
53753
50425
21567
31187
70383
3349
5937
64195
60417
27339
35511
28021
95741
58319
39791
66429
3129
76467
46851
24849
52375
30779
23179
87367
59021
10039
86353
31437
41285
11837
44473
90655
10903
2653
51679
41779
89167
87771
11959
46793
21991
18009
33147
67529
63769
99463
74665
93241
11709
51539
38853
48411
84607
49073
72137
95077
70877
90665
45383
11901
75821
63319
2173
